0.46364340026408046,-0.5789281974229388,0.2384073208202604,-0.3266593799356256,0.035875470821996686,-0.017071118046875135,-0.21345408473127353,0.2537008007854566,-0.5433334210792452,0.20887566114251593,-0.3895648193356101,-0.06374356872922662,-0.02338596363110499,-0.049628921367755055,0.32351792827022247,0.09051448815915651,0.6755424100091231,0.20452438080021773,1.0,0.38086782315712775;1,0,0,0,0
0.5935383011985409,-0.7115313035062905,0.2542259727032336,-0.38383216640531054,0.017449286914755155,0.034185026259822004,-0.26737976502109984,0.4164901647828805,-0.6463150738441651,0.39999619140579035,-0.6430735731133256,-0.055578998910794083,-0.24982593068736608,-0.24700364773319441,0.2093722277218805,-0.17732449936723,0.6064089880235094,0.0790040415950668,1.0,0.3220427305888483;1,0,0,0,0
0.6901222332342254,-0.9322101090188305,0.24685855836707932,-0.950164173128196,0.0009250082590023388,-0.5307169706713748,-0.0781631978856954,-0.03376101514540502,-0.2620121141025473,0.4235877106045592,-0.6769739015526925,0.22322051282716382,-0.4306292669134795,-0.018155730252246684,-0.023415329745492586,0.2749659058012536,0.40142533449623785,0.5334513524149509,0.8934919061777339,0.5252725470763134;1,0,0,0,0
0.7131524008350734,-1.0,0.6085940737182881,-0.49556334439789085,0.35418194095549693,-0.053973172688273334,0.015630194276866054,0.306008944123894,-0.45470297864855935,0.4521920668058453,-0.7544885177453021,0.08573959372084947,-0.4458105961540466,-0.25815600092319724,0.034997237284542744,-0.11435750001154121,0.45566913040124624,0.17797314216419102,0.8985386221294366,0.4521920668058453;1,0,0,0,0
0.6084381939304219,-0.714655810510733,0.351265668546178,-0.4334206946426268,0.07115661595019765,-0.17261205197859072,-0.1902307098273459,0.10103751959788601,-0.5392659361637165,0.16354679514642448,-0.4395859902551009,-0.16033999049989572,-0.05767844559208836,-0.12495658853440436,0.2904662791721888,0.03428198176996332,0.6410800034693432,0.19218329672452492,1.0,0.32383419689119175;1,0,0,0,0
0.33245382585751965,-0.9003015454202792,0.10651502293582127,-0.6307487877018854,0.0290237467018468,-0.21283671569646298,-0.15389238978925981,0.17728214486721341,-0.5039066525426897,0.3613402377701639,-0.4700067865631495,-0.0024771938363985216,-0.06444407189367377,-0.0015935137770211934,0.2829899961723052,0.2611493949807178,0.6236123093056252,0.5299865513512172,0.9999999999999996,0.6775348661892199;1,0,0,0,0
0.7315315315315315,-0.752972972972973,0.41763170419108486,-0.3895106193496904,0.1582291388401485,0.021680771069761327,-0.19756457236503364,0.3496676728679803,-0.6658457633969395,0.40748252370693544,-0.7225970742951672,-0.0013746588275194392,-0.33768769366892065,-0.26972972972972986,0.12646517500705765,-0.13583292965230223,0.5670992121753656,0.057468525006601545,1.0,0.21351351351351336;1,0,0,0,0
0.939675653341597,-0.6895981820059912,0.5942999561646117,-0.2688170515060021,0.15442773858808795,0.052803845170074096,-0.28292051683138253,0.3520249481917791,-0.7494060530936886,0.23413013345833988,-0.6857671709509774,-0.2857233775460786,-0.17590069565669042,-0.3879764487139759,0.31907371420303754,-0.19419970796409414,0.6493621802338754,0.23976995147879557,1.0,0.6073752711496745;1,0,0,0,0
0.3523999999999999,-1.0,0.29706666666666653,-0.5896396333881581,0.2677625741039154,-0.16672514820783102,0.04322610442786666,0.18344056223879995,-0.3362373234657311,0.35263732346573096,-0.6214666666666668,0.18033946439460646,-0.3785800112773921,-0.10359999999999994,-0.007536830868131162,0.06766316913186907,0.32421284464337374,0.33301284464337394,0.7065333333333332,0.4608000000000001;1,0,0,0,0
0.9339142353632269,-0.7569022909731741,0.5200464548599184,-0.4355545809613479,0.22143403653710583,-0.009591704091116628,-0.1828530839218795,0.31034175637253153,-0.6784734109078641,0.40620716663403145,-0.8106028660714926,-0.05668735577555767,-0.3726670811520134,-0.2810847855884082,0.13172140242596256,-0.1753475621695713,0.5763042922571057,0.0973090556173927,1.0,0.39299001370667686;1,0,0,0,0
0.4609235399228815,-1.0,0.26729707682467796,-0.6407220146040066,0.11353491502104954,-0.24578515027157355,-0.120926620597437,0.10426272111587448,-0.4623922582626332,0.29951983190361525,-0.5643750587792722,-0.07559986090144524,-0.18359606631308567,-0.15208205459922122,0.1505650757777396,0.10415491633333518,0.5323512260187255,0.2839034414679351,0.9364243393209818,0.2853380983729898;1,0,0,0,0
0.7744678516567918,-1.0,0.42171990424242034,-0.6500011426959447,0.194237362505086,-0.19503605922127587,-0.10272083368771111,0.23268572286919023,-0.5125125112041402,0.5058996613514668,-0.7660193109501867,0.21232779994181392,-0.42679662284196684,-0.10467412771560225,0.0724515679267634,0.0006583278472680892,0.49846088854880477,0.29081331338970906,0.9587996488918148,0.5141540487162609;1,0,0,0,0
1.0,-0.28856233620366933,0.6451329624778905,-0.05571885862569205,0.2485203301501273,0.1287349678339589,-0.1724454077055347,0.223979782852864,-0.6077565154324852,0.20522055999997907,-0.717708723324598,-0.1943299240236005,-0.34871135427872146,-0.3301198053163612,0.05751785751972099,-0.17774241856982428,0.41026090965605705,0.09137285274853182,0.736802695619618,0.36250467989517027;1,0,0,0,0
0.6684532204983544,-0.9043723554301832,0.49368653546181607,-0.5063199444544266,0.26131222943460775,-0.13715494714666496,-0.02855701923124839,0.18887671833797154,-0.42208559241494914,0.33286318758815253,-0.536436295251528,-0.06184319363054768,-0.18248315584905722,-0.18467324870709906,0.1906337224965235,0.041271878310642884,0.5880031641565185,0.22143539824370775,1.0,0.3409496944052658;1,0,0,0,0
0.9018380125227227,-0.8767925671581503,0.5146716621596897,-0.6532295292572464,0.1954032700400915,-0.3121473621426976,-0.09853695440913815,0.04417550445552046,-0.4426310489058165,0.32296505756412824,-0.6469400121187643,0.009685332736262252,-0.27544079392938275,-0.1569379923247832,0.16217608748421203,-0.023071394939662187,0.5764584006050075,0.19299591409769642,1.0,0.34477883255907876;1,0,0,0,0
1.0,-0.4086519275281349,0.5651422138944358,-0.1868997364421252,0.25147927853585306,0.21200543692427928,-0.16489196269025483,0.4295634128821132,-0.6354354082081087,0.3569023681507383,-0.7900869981642588,-0.11913353092446302,-0.4586404369460484,-0.4275436160509985,0.015718680878508733,-0.2949956101843724,0.3868083629257082,0.04368441049534641,0.7442732859765344,0.38694229387820234;1,0,0,0,0
1.0,-0.6450353565114907,0.5923014948229549,-0.45934627973750974,0.2593823788820343,-0.1264271637965892,-0.030107335431516828,0.2437932517544398,-0.42794534674606055,0.4246464348850914,-0.685253388332351,0.06508265880052244,-0.4608632577925358,-0.27165586328815544,-0.0022915247403578476,-0.20546331123244682,0.3768155040736013,0.0638367179804959,0.7779905715969357,0.2833677077195051;1,0,0,0,0
0.5083115027387473,-1.0,0.22374434548364275,-0.680091333498486,0.02663430016071332,-0.3078753080940129,-0.05205982058125519,0.11054974356784478,-0.2930002831686656,0.40662062395808524,-0.49059299833293646,0.05457734966701684,-0.2785895853924416,-0.2253393665158371,0.034743652465063384,0.03850722905127098,0.37627420128628547,0.29665131521374766,0.7886163372231483,0.3913312693498452;1,0,0,0,0
0.6925779534475187,-0.8149821193299452,0.3745361747932704,-0.49199583677409064,0.11402884314044211,-0.11754901524293933,-0.05719594805709113,0.30479356939047425,-0.41357207680839325,0.2877294352469808,-0.5678524374176547,-0.13060530698414835,-0.19988731268881255,-0.2800677583286278,0.18887015438395893,-0.04892624873762213,0.5547746192697184,0.2195034459019667,1.0,0.30403413012108665;1,0,0,0,0
1.0,-0.3144818119423473,0.6137818105534231,-0.022594416827425006,0.17029410485348045,0.17499004557961081,-0.3082723751155131,0.22745367192862043,-0.7747925127095578,0.14439385530936127,-0.7840250330857542,-0.26000099377240826,-0.3494301354514199,-0.43061084420041185,0.03280767840464474,-0.133287036763509,0.3761176104282794,0.2096380828518891,0.7806451612903226,0.44680851063829785;1,0,0,0,0
-1.0,0.4626019142148172,-0.7766003423727459,0.1150448392794812,-0.49179760078616397,-0.18678648793617378,-0.15162060975793998,-0.41836602570289066,0.25209523698150854,-0.43565690502611853,0.30712761775737224,-0.07538857222411866,0.2974228004847542,-0.01909150757077034,0.6599840614348733,0.14598193452952082,0.4862023491728412,0.4796152433728614,0.07965766951942044,0.5456525041778496;0,1,0,0,0
-0.9176522955614907,1.0,-0.9154896707000546,0.46324287971707634,-0.7678508661060919,-0.047160348937108396,-0.5056418558566103,-0.5115562320932321,-0.08408346092569076,-0.8069439145364368,0.1269871550298867,-0.4122826084477626,0.03454020441843851,-0.10664438683340868,0.4923884168244541,-0.04627367143702378,0.559900801220908,0.47603934871547493,0.1552206536945185,0.7082538471321378;0,1,0,0,0
-0.9867771673340162,0.820374336530403,-0.9429772310913063,0.18237544825013016,-0.7115856503778116,-0.4068611323766349,-0.2000352495261968,-0.7795773321748253,0.3090604339323959,-0.7733654120740018,0.1120197770086033,-0.2126339027487886,-0.0071208209005623,0.0005587112394076655,0.5721398430531193,0.13003254950134083,0.45953407983217853,0.7360148539605393,-0.15373870937703704,0.7410373405345002;0,1,0,0,0
-1.0,0.7916240111679852,-0.9648208469055375,0.22903070793997546,-0.7905317536322369,-0.30238291864424593,-0.33804433321305005,-0.6055751090313565,0.22041943978182948,-0.6741740344346209,0.3500168057633849,-0.230054032380416,-0.06153539434534705,-0.07619920312255461,0.5058639502014703,-0.08785481619357843,0.5713355048859936,0.4021661378221932,0.10228013029315969,0.5922754769660308;0,1,0,0,0
-1.0,0.62618531563262,-0.6723339984050767,0.23308989111707906,-0.3681280505248057,-0.1909168807616302,-0.08600588289930858,-0.6142833148085077,0.3668238003251758,-0.6986467162014811,0.393559547780278,-0.20668785493660646,-0.05761970483314394,-0.049918721213763215,0.3291551802928138,0.10150684650793142,0.1977444353792448,0.5843606851842886,-0.28027634787320493,0.62618531563262;0,1,0,0,0
-1.0,0.478440987487318,-0.8119399583299987,0.01078223570417879,-0.5058745406860159,-0.4143993855906161,-0.051270144968159445,-0.629100439634765,0.3955021981738247,-0.5702157794270841,0.1653506553764504,-0.11918245426588409,0.14763387722510907,0.05757524518092645,0.48410551234359134,0.3628586654146141,0.16421225650082877,0.6888738586405139,-0.34655055799797096,0.6667230300980722;0,1,0,0,0
-1.0,0.5059743231219018,-0.6912603162456786,0.17854899045439884,-0.40701966884448937,-0.1848166429898057,-0.09571636532928905,-0.5123935426464978,0.24730875150983422,-0.45162349712369815,0.09710125075597428,-0.06215395702289075,0.24711206529330831,0.02014745137917905,0.5415660353374858,0.22185674784450926,0.2776063191181113,0.5246599720350835,-0.18717427227659839,0.5246599720350835;0,1,0,0,0
-0.745012048192771,1.0,-0.7197108433734939,0.4714518679269172,-0.5619651717518379,-0.026420370416836602,-0.29590815966515494,-0.48856922283836457,0.0643253137571496,-0.8609437792845115,0.30920481927710847,-0.5000373767780536,0.02869291024202949,-0.10371994909691823,0.2917734910351367,-0.08795180722891555,0.45929790141185006,0.29385179410146905,0.01402409638554222,0.4265060240963856;0,1,0,0,0
-0.7139408196112417,1.0,-0.6634013125780848,0.5029818996392699,-0.5715058161804787,0.01452137101349879,-0.39042027102714855,-0.44636645829576355,-0.03195493578014018,-0.7258883248730964,0.2809830382567786,-0.45214166746635953,0.030748249584475015,-0.07614213197969544,0.402965949659196,0.03568849515876258,0.4471445176869023,0.5191177083871352,-0.033737773925962514,0.5736040609137056;0,1,0,0,0
-1.0,0.9234214551015951,-0.7917494988168883,0.4484214359121249,-0.5657476182159085,-0.02431895970383802,-0.2885094328668614,-0.4597430326883766,0.15620324438710434,-0.7061940135459908,0.39073432017919196,-0.3537867526590171,-0.01823966791255204,-0.08340988419581569,0.4135260783249986,0.06503555188705179,0.23056923635592264,0.4303583133056589,-0.2645837885077561,0.3217172820624865;0,1,0,0,0
-1.0,0.6621025132870914,-0.8344101786363631,0.16745671247737462,-0.6244890711784026,-0.31807146816331167,-0.22758595852389135,-0.6660338770026639,0.2913600893550154,-0.7399884378047001,0.24143831092391588,-0.24790659843953836,-0.05824214923756354,0.05855328348797407,0.44845836614277934,0.05483043375389461,0.3620305882497968,0.5161785820952174,-0.14422124132960987,0.4008647869561301;0,1,0,0,0
-1.0,0.8704144830871843,-0.7800904074277095,0.40527711921804044,-0.536072903095404,-0.044780621359726255,-0.2277013944233854,-0.47154314379209145,0.2345239403711202,-0.66133532974886,0.519090723473763,-0.30131532267389727,0.1860785450379724,0.02225549581433326,0.519090723473763,0.15697553263765013,0.3391463117165763,0.5253050940799096,-0.1898182808139931,0.5033008915810249;0,1,0,0,0
-0.8852352174428249,1.0,-0.696939143615692,0.48274775434512124,-0.5412566447088031,-0.04384471215869527,-0.29828744855358075,-0.5277582914630088,0.1748638508986578,-0.7268041237113404,0.4366631117430978,-0.32597571290519556,0.04707858035666773,0.043868214287247576,0.4485721056997277,0.09182938430670343,0.38607865244335376,0.5980426889478065,-0.15878658608839888,0.654639175257732;0,1,0,0,0
-0.9889844360741952,0.865539051950821,-0.7640674665588661,0.4064937309216987,-0.5919383711650095,-0.08678858753497146,-0.37566446622904537,-0.5668449923298489,-0.014714905850185244,-0.896951176177955,0.23374315969014323,-0.5299348919019954,0.02593391052308784,-0.07763210255204893,0.4650700021320451,0.06611897072978204,0.4905011409917238,0.5867499427976306,0.06850970080307048,0.788430104470187;0,1,0,0,0
-1.0,0.4391984971822167,-0.7269788927817551,0.1250586256141493,-0.48625473679291487,-0.22039873388389,-0.23800196593728445,-0.5612883701094697,0.15441604060642802,-0.6242321800724903,0.23356293049467744,-0.22494630450279854,0.11704072797861385,0.05268211229388445,0.4556042579837194,0.19396501536626587,0.44587214558040095,0.588734408374932,0.05264036735545808,0.6694635775412232;0,1,0,0,0
-0.9767928078611752,1.0,-0.7354860753710035,0.5924945034318323,-0.5754011990003294,0.1480559227573905,-0.3660861237959204,-0.27729140548987485,-0.08621867148283294,-0.6596869665407229,0.25897275071433523,-0.5961010473923158,0.13378601424440278,-0.15674675568482582,0.29444028056747384,-0.011080911561781301,0.4612331376530739,0.3742954706123102,0.042929820893441814,0.507422120008363;0,1,0,0,0
-1.0,0.5967170904409395,-0.746779896119246,0.2486289908223346,-0.5204111588842597,-0.11965402597142316,-0.23203607604898036,-0.44572382095777885,0.1579104768481064,-0.6008338320387226,0.3723849372384934,-0.25329879735746963,0.14815978286386786,0.050295318520103285,0.5201802381718696,0.12383399088700053,0.43067857552781813,0.5384234521516148,0.024010299324106615,0.6706147409076275;0,1,0,0,0
-1.0,0.5115820601281418,-0.6802946702883022,0.13437714112779603,-0.41586992475210705,-0.28411362773959065,-0.08637491381865496,-0.6435413010655247,0.3620186501206787,-0.6693243683499734,0.392028621105892,-0.20213092747857514,0.07525816819831607,0.040085427961228624,0.4873790382983978,0.2281427344322963,0.3043943544723707,0.652879215075298,-0.1605059963857401,0.7185805815672743;0,1,0,0,0
-1.0,0.6906984497416233,-0.709687437193654,0.2866677636772193,-0.46748160235083214,-0.14875259230639085,-0.19751959036864253,-0.5693582226001858,0.23266689270953364,-0.7056499303061372,0.2997277672348692,-0.21716411111317374,0.15253109739162027,0.050091681946991054,0.443907317886314,0.35472607287344915,0.09184722990013607,0.6309554415012194,-0.41023503917319565,0.6398566427737954;0,1,0,0,0
-1.0,0.4895667294594986,-0.7178697445129443,0.22834593327156394,-0.4330189279998733,-0.0358999361383797,-0.17319074642255974,-0.31854958106621,0.08273763738620453,-0.606117223165937,0.3178524851470801,-0.3713669084486654,0.2184007387233995,-0.018502173298098855,0.12534868451928072,0.09980211042837585,0.4113172004057382,0.2332433403863851,0.26177365599188523,0.5643385016664252;0,1,0,0,0
-0.06714933972365252,-0.7298730433895882,-0.4955104000130359,-0.4360428822254953,-0.14457213472874594,0.004215119956665038,0.22602355580482344,0.4609724985877826,0.010537506160633248,0.9001682557487382,-0.48759564805604794,0.6673526005545674,-0.24013875623865677,0.1799459784515166,0.23153719443702955,-0.21870274733494988,0.5837684433168224,-0.4410792525522248,1.0,-0.7415999592107273;0,0,1,0,0
-0.47810249192814014,-0.7278748240748407,-0.250572710730916,-0.32633776690614824,0.13668350028975884,0.024317547198109017,0.2413279244970608,0.5435903959144588,-0.19174040764788042,0.776388773905125,-0.5435052570577039,0.46121812740065354,-0.33664199048444965,0.0003741569024477611,0.13729505740356174,-0.2704631729104299,0.619861840387162,-0.36161933934928386,1.0,-0.6886331649971025;0,0,1,0,0
-0.17944725574153386,-0.6808652616359896,-0.5692942244024786,-0.3742767078590763,-0.07410165277418795,-0.04757660133671903,0.26986598454095523,0.41212577887077084,-0.07931451388151016,0.7569371072679755,-0.5838291719957741,0.5636131699926972,-0.281657530351457,0.15485170691987804,0.20014874872451344,-0.18430044755118316,0.5689111410354403,-0.4225101484735584,1.0,-0.7257965856642385;0,0,1,0,0
-0.24693774819620812,-0.38794116002013534,-0.38501997942034505,-0.0957420555991019,-0.09737180423823599,0.1964390775791083,-0.12181038994505025,0.5395758162697147,-0.5027764439640355,0.3973896738734555,-0.3267397289704704,0.1043869741426969,0.032244959488852296,-0.09755406959190838,0.39684691129565486,-0.2853194209438456,0.7454651097101197,-0.2474411320543654,1.0,-0.5547849432294871;0,0,1,0,0
-0.6403662030889647,-0.7955831993850024,-0.4822891863086375,-0.24230036808234645,0.1153210736796286,0.12737190730595446,0.47711230693968865,0.6622151717194783,-0.10282859896432361,0.9351457124886438,-0.7304955394224522,0.6920132769035146,-0.3757598368099934,0.1909170221498918,0.17730099937102553,-0.20707061045905445,0.44722099929804726,-0.7328654394913282,0.9677126284156828,-1.0;0,0,1,0,0
-0.3208739617190325,-0.8000180570603105,-0.5083733952621876,-0.3268768013586105,-0.08069263036905527,0.03212642506514696,0.2769953051643191,0.44444956669595936,0.08078418666304717,0.7989346334416761,-0.4627813872192743,0.6848350808197299,-0.3188442685283663,0.17122780048936298,0.12008361421765845,-0.1981804000609232,0.5226310667743261,-0.43851570964247,1.0,-0.6609786926688335;0,0,1,0,0
-0.29011239615572526,-0.7673888255416191,-0.585763153608079,-0.35760678944175944,-0.21453063248686297,-0.015679317357107474,0.1668024108160941,0.3543241577079489,0.029704972508138083,0.7780583156865934,-0.42449910408861335,0.6428199975164406,-0.23467023644128923,0.17667270255883954,0.20599028992161178,-0.16152050656927425,0.5244395820608656,-0.5710157038163135,1.0,-0.6598794591953088;0,0,1,0,0
-0.8739642028505138,-0.5821179980112696,-0.8069484395848412,-0.19252902939032138,-0.3890708714256277,0.14336362515984963,0.02812683468252667,0.4830981825867812,-0.014960581592327427,0.7267152800795492,-0.37951607557176,0.4502109960050148,-0.16960741288874015,-0.029273003968182353,0.1965869605859697,-0.4213963739104642,0.4615542097981989,-0.41000694366550694,0.9099270798806763,-0.6112031819688433;0,0,1,0,0
-0.4070581076969878,-0.4456191055673867,-0.5302176146878075,-0.0694365528500874,-0.1660308305705112,0.24429706113268995,-0.007315318146940815,0.6748969736072361,-0.47019710876550924,0.6035783703948188,-0.43035286799812156,0.16987643825122953,-0.056414923603170006,-0.14368721978212684,0.3451760711853361,-0.4070676139741404,0.638728323699422,-0.4287993723970006,1.0,-0.4551262549437177;0,0,1,0,0
-0.48149709179802724,-0.8378150552136892,-0.39011480235047924,-0.3253756975709122,0.09013352007580971,0.03011497501975331,0.3450223383629774,0.5576934339112267,-0.057454702935979145,0.8464132175672261,-0.49118416768777945,0.5737443205664234,-0.41583480659967015,0.032205033355128865,0.04881932466279622,-0.35447556676007286,0.47172014564578124,-0.6643331292425265,1.0,-0.869004467672595;0,0,1,0,0
-0.6059020791415154,-0.8607645875251511,-0.3843468507353115,-0.30651937278031527,0.12682684393871993,0.12736339658794815,0.41188239093639817,0.7187346007862763,0.0015188558676210665,1.0,-0.5595607372484303,0.7776273716592117,-0.4203108952122968,0.13942558334106986,-0.039821592972599906,-0.40524882956261105,0.38421808579042843,-0.6185988156180228,0.9994634473507717,-0.6236083165660632;0,0,1,0,0
-0.5614147909967849,-0.9453376205787785,-0.47170790580187927,-0.3733156228436798,-0.009075484311662973,0.08413596967398486,0.3549839228295818,0.5749674593908416,0.05538813627960356,0.9948966404870688,-0.5198498654428092,0.6975724079918483,-0.5292604501607721,0.16107091762425393,-0.029681130736740467,-0.24687098474487273,0.41837929053106154,-0.6401758206268382,0.9659163987138263,-0.7524115755627013;0,0,1,0,0
-0.5301724137931039,-0.9160509031198689,-0.6404291816007308,-0.399665634802701,-0.15848032818681035,-0.03798400645793716,0.31177392078351923,0.33064964780677597,0.2027547187423031,0.774425287356322,-0.3794757584506694,0.6643537291207131,-0.39738761538436906,0.13266779297705553,0.11371040350170628,-0.18431815624799056,0.48078761258697,-0.5854477372204725,1.0,-0.7266009852216752;0,0,1,0,0
-0.3303058174292941,-0.669349275695562,-0.39006744760590606,-0.23980301900162895,0.010805492030330873,0.1704941951068586,0.3272016555530007,0.6284001955725785,-0.11357763429232032,0.8402353696989885,-0.5448132828733475,0.4691677510176404,-0.41447214681533273,-0.03856755961141825,0.0685475781531391,-0.3495317124368823,0.4808927633822371,-0.47056794665440305,1.0,-0.6234766613014484;0,0,1,0,0
-0.8364867371545168,-0.8241513633834167,-0.7681926017862746,-0.28626756105355994,-0.24370343465087552,0.10077843118742734,0.28874321707036144,0.45309120445674633,0.335942306005139,1.0,-0.28561988872011956,0.8737197514208562,-0.3185515840198998,0.27477491920817654,0.08830422784158566,-0.21499686371619148,0.4649405946763687,-0.6997774067890927,0.9185679836764977,-0.9070673344462992;0,0,1,0,0
-0.5409482758620693,-0.6815967016491757,-0.6011482349913642,-0.31527698424711637,-0.19960723221558346,0.03493174829416179,0.1683292960210047,0.42460180021491806,0.02813431588882949,0.7789542728635682,-0.3935532233883061,0.5446922796955995,-0.19619807669409295,0.0858157678485153,0.19674031902135677,-0.26692397719227173,0.5569087282699071,-0.5214816846821276,1.0,-0.6279985007496255;0,0,1,0,0
-0.4989754098360652,-0.6912831021437575,-0.6717070934037908,-0.3568426545639421,-0.309350237484344,0.029914645661914423,0.0048597215238665396,0.43702557062456243,-0.13038109457968702,0.7738808322824717,-0.4538934426229505,0.48278698935930225,-0.08313343643746338,0.12848345110963333,0.32267224066843686,-0.2044554523330901,0.5649389338595161,-0.5470609721296434,1.0,-0.5109552332912985;0,0,1,0,0
-0.4302279088364657,-0.7981807277089166,-0.5825741853738533,-0.3667605108436651,-0.10364704525881942,-0.02193547784732236,0.27934912720479327,0.42571231564076983,0.19624187101055457,0.9388843236842069,-0.3459793329873234,0.8330490556572194,-0.34266293482606985,0.2321801018539405,0.07124956688513764,-0.2050960283005716,0.48491848548154587,-0.518884144425071,1.0,-0.6668332666933228;0,0,1,0,0
-0.7251565638662417,-0.9658513529481269,-0.5876164787082675,-0.44877682373957944,-0.027255067372832342,-0.0865461132912893,0.24093111189885366,0.4986601176219105,-0.028428987462731772,0.9835755642207263,-0.6078736450810958,0.736836584251216,-0.4471029131249238,0.15347181304221097,0.09544625542894312,-0.2510648304023566,0.5347766418218322,-0.6636644972386758,1.0,-0.9658513529481269;0,0,1,0,0
-0.31950040290088577,-0.9617244157937143,-0.6713671770077887,-0.5217335944828438,-0.223071930413883,-0.07359570156618,0.20557801314081847,0.44029919039659715,0.07190669883645393,0.9237248384335002,-0.5991378383279712,0.9383561643835613,-0.3150672811137394,0.40612288143606057,0.18337463228268208,-0.03953901584432545,0.6009058677791259,-0.43392425463335993,1.0,-0.8561643835616434;0,0,1,0,0
0.32437735849056626,-1.0,-0.1048640310605337,-0.8696265349772019,-0.3141132075471696,-0.47789671678488393,0.0023207242039517966,-0.19450946447529371,0.36013084425448405,0.06820631595259696,0.4330566037735851,0.510560525893681,0.09028096453399648,0.7388679245283019,-0.3201682470562283,0.6105487340758469,-0.19773176369616646,0.2013544052056006,0.05267924528301909,-0.17132075471698116;0,0,0,1,0
0.2443109987357777,-1.0,-0.0709018120522544,-0.7592062673129248,0.07338962846604097,-0.35423363322801726,0.33409532429038424,7.358349062140668e-05,0.3875895490939741,0.43212507948129975,0.07935688833947158,0.6477033291192587,-0.3513939988594078,0.5964568228852194,-0.48356819414336305,0.2293541191328281,-0.15527200879563025,-0.04003371260008412,0.27296670880741697,-0.09734513274336268;0,0,0,1,0
0.4758006010985594,-0.9394755933257333,0.0029684714037593683,-0.9243444916571666,-0.26562338066120833,-0.535694101445217,-0.07633625061321983,-0.08441998986081045,0.31561991659155175,0.2470117706696944,0.5211939061042594,0.6834530273057766,0.12153713589395862,0.8308633018965693,-0.3516295083252844,0.6895080772188479,-0.43661671981874295,0.26498388009763724,-0.008394652295574645,0.044046015131101485;0,0,0,1,0
0.5233153815841318,-0.9666360173387627,0.011959047297517879,-0.9724214143013276,-0.13763595805428358,-0.5265759291563455,0.18813582397088863,-0.11739419047807992,0.4232234336004198,0.3454362597631053,0.2837531150419825,0.7945433280953964,-0.23515426889898067,0.8455855297147002,-0.5443320635754634,0.4729454970899147,-0.2779129520308138,0.09291680702814785,0.20635754630237702,-0.0658084854853542;0,0,0,1,0
0.17344325276132522,-1.0,-0.11005282535617114,-0.7402467778392704,-0.03900226612320631,-0.33730545165226017,0.2601430822563163,-0.03816010327273755,0.4128957339751064,0.3346532656359009,0.31885806935797695,0.7009764687049782,-0.10242577606444336,0.6870842632156993,-0.3959690403974041,0.41506025366374516,-0.30969950155350434,0.03034710398818962,0.0008804226028491673,-0.23579318072674896;0,0,0,1,0
0.3133258137286497,-1.0,-0.003291045289955665,-0.8424471992896561,-0.03480502739284565,-0.4464189248051794,0.10327163365098255,-0.08163007437350983,0.26530776667740896,0.2713331542748701,0.27374171153761695,0.6584079067191064,-0.10617472275986362,0.6566226232678054,-0.3650059196773167,0.3744397780345752,-0.27056850975540553,0.04006577047084222,0.09724460199806638,-0.07565259426361581;0,0,0,1,0
0.40411971180491435,-1.0,-0.0082209495658598,-0.9012067106459276,-0.02152226122298155,-0.45210747253059164,0.18369917533274802,-0.0632064223025744,0.40411971180491435,0.30671533282209207,0.22676535157427696,0.6781839231413673,-0.21009345449231318,0.6470098154134694,-0.4320841525492335,0.3128473532932753,-0.3003419332445383,-0.08220949565859952,0.09818954369111417,-0.21522261222981698;0,0,0,1,0
0.17419221209610633,-1.0,-0.09617508975421134,-0.78962349194619,-0.03849468814950921,-0.41764112995822883,0.16872908500813383,-0.0960458390459949,0.284797017398509,0.25989739866244466,0.20156189839891825,0.5976249654791498,-0.17024309617186506,0.6222038111019059,-0.35425296879315094,0.3511696358321766,-0.12751538791358258,0.051362391503751506,0.19877105771886247,-0.11516155758077856;0,0,0,1,0
0.3893951143854209,-1.0,0.0016267928246333167,-0.8604868160894644,-0.10251212492874459,-0.4564327571791129,0.13912517650181533,-0.09492872035743284,0.3321054672353627,0.2768498431186906,0.251976929636298,0.6651421087506737,-0.18396926918318218,0.6709480418766961,-0.4317564947654126,0.36950635020814393,-0.23357366604166274,0.02003657353533623,0.16978480031019796,-0.11201046917409864;0,0,0,1,0
0.22530909090909104,-0.9883636363636363,-0.13231266892706733,-0.8634691492547506,-0.04292181304689687,-0.45980090138852736,0.17538359281926558,-0.09411825439213335,0.353309090909091,0.28335019672688144,0.2985035721588185,0.6523636363636364,-0.11854430812499792,0.6174545454545455,-0.39141818181818167,0.33739716106270184,-0.20178185674839488,0.02284849770401047,0.20203636363636376,-0.05745454545454545;0,0,0,1,0
0.11670216542420987,-1.0,-0.18504497204022333,-0.7909856682731214,-0.09277206782162514,-0.43838403624672867,0.12842269993448413,-0.1316944459654092,0.30208062025676374,0.20361889565254426,0.28524581237464436,0.5558972476182554,-0.07280781441471491,0.5687434812899356,-0.3030294685666299,0.2751771319033391,-0.16659941741491108,0.0031061412850549577,0.19559815406460745,-0.06451899183528582;0,0,0,1,0
0.1810932289401187,-1.0,-0.09257648252863579,-0.777440662878073,-0.09641124028012325,-0.4132656657746899,0.10462107129784166,-0.11315477327226128,0.30100009119199045,0.1817453427506391,0.3343482673626212,0.5375169122374128,-0.022627466814642734,0.5653907496012756,-0.29011242714400537,0.3673610526280396,-0.2183087358979498,0.03431569544557885,0.10446570972886743,-0.08046976946498496;0,0,0,1,0
0.49922752808988796,-0.986938202247191,0.045451314743994206,-0.925015921485567,-0.06709040226723834,-0.4868493438603201,0.18794810117093885,-0.09212479761078009,0.3816713483146071,0.3209070703385516,0.24151039578304018,0.7012146995329942,-0.23182619388725978,0.7115024577981329,-0.5326544943820221,0.3961328424229817,-0.2717361310912179,0.05832320974290366,0.15962078651685427,-0.07261235955056183;0,0,0,1,0
0.39991958721436716,-0.9879380821550626,0.0018762983314348197,-0.8445994409105249,-0.02362994271550107,-0.37692748813444177,0.2761177850787697,-0.014105360401361861,0.39991958721436716,0.4163195728773447,0.04793213215275345,0.6524827447564161,-0.4059150770265809,0.5824250690566459,-0.49631465777329475,0.18572027326615814,-0.09318183289609056,-0.022984654560075174,0.26723849092005636,-0.09535616162969923;0,0,0,1,0
0.2888875619513943,-1.0,-0.047968645393039924,-0.8930357135966299,-0.13411357258016357,-0.5504208587056381,-0.0003633840180786111,-0.21475174396614433,0.18364469967168673,0.10449606322347121,0.2888875619513943,0.4478914083904346,0.04886891995232896,0.6184391234250909,-0.2235326979182249,0.4304051959113257,-0.24016761125289418,0.08999146030048474,0.08658267152325792,-0.034453932047531;0,0,0,1,0
0.4800067204301072,-0.9138104838709677,0.07338649785396834,-1.0,-0.1233198924731185,-0.6469494051059989,-0.01928480656738462,-0.2377939358311855,0.21061447004986208,0.1262990553108772,0.34593413978494597,0.5186720560213096,0.017240529997767175,0.6759072580645159,-0.3395625288062707,0.4500880088281379,-0.2707030031751022,0.11754236180260463,0.1352486559139778,0.02469758064516117;0,0,0,1,0
0.576487769258854,-0.9372033588901059,0.11691175357863008,-0.9774409078225388,-0.08915662650602385,-0.5758101996208453,0.06504802360508555,-0.1443309379004935,0.3127418765972987,0.26174747442378343,0.32460971188185767,0.722010952285939,-0.12507505774874494,0.765465391899633,-0.4631320548713236,0.47224582026558815,-0.33394203396687483,0.061141741889474854,0.09923329682365858,-0.07060971157356667;0,0,0,1,0
0.2952046151072652,-0.9895438976023075,-0.0805940257778474,-0.9797088406364306,-0.17531999278889498,-0.6251425119866348,-0.02432073461841673,-0.2797573877513455,0.14387828513871287,0.06709675416060612,0.33702902469803503,0.3997713368209649,0.1535809327522828,0.6416080764377146,-0.2120038907851124,0.5526436664530348,-0.21333483159706226,0.21955440974741403,0.12790697674418605,0.09789075175770716;0,0,0,1,0
0.13440780718616016,-1.0,-0.011533343190891453,-0.7042531012418596,0.14240972274941827,-0.3946521041228362,0.25950022179506155,-0.06318127977102636,0.29077332544728685,0.28407814789730074,0.10422121225549,0.5181207522064233,-0.2513543245013838,0.5115333431908916,-0.3868105870175956,0.23228463915435443,-0.1116479913614653,0.056008824898535474,0.2282271181428362,0.011163684755286105;0,0,0,1,0
0.07474150664697211,-1.0,0.05051698670605631,-0.6507238349447048,0.15156998448883605,-0.3255158655865823,0.2806499261447565,-0.004095424141720232,0.31698670605613016,0.34248107384544757,0.13314014371736219,0.5503692762186115,-0.20747300351229794,0.5061601009026396,-0.33707533234859655,0.20620647612237564,-0.1748742104938183,-0.07209772451356705,0.15952732644017745,-0.12791728212703105;0,0,0,1,0
0.21736270963498858,-0.9878329496876027,-0.12192537047913882,-0.8665652576037284,-0.18526512994292224,-0.510615758077229,0.03572682775256653,-0.2322187959231248,0.29580940667072203,-0.15422558368957576,-0.03909527355137258,-0.01319015887217216,-0.19302860901019392,0.3203677159228403,-0.18020388030253195,0.7045743422113238,0.048976095798034726,0.9615258138770142,0.4225583689575798,1.0;0,0,0,0,1
0.49226351890253645,-1.0,0.02934346495432036,-0.9185639002870182,-0.2964082419198241,-0.5819322799185268,-0.26049941780697855,-0.14341535336288835,0.15096072650310144,-0.009045951270912567,0.24747282863569428,0.03652895198596295,-0.19511932038555832,0.16473169875531454,-0.2951207294273974,0.5720829713223239,0.1195994516041714,0.7707982901664184,0.5740947519540599,0.7593715106077529;0,0,0,0,1
0.5209302325581394,-1.0,0.037809789735053195,-0.9805638589738415,-0.30915603967064953,-0.6783559068091212,-0.33421764748242166,-0.23297521358627638,0.0684976763035453,-0.01943294042688758,0.13483285254396382,0.02834655556936878,-0.22549160303909377,0.3032870793054205,-0.17682963730428108,0.7597106621541452,0.21407577025542895,0.9974514176489327,0.6783051927365402,0.924816820643517;0,0,0,0,1
0.4711021902119368,-0.852175453096405,0.05503137439025155,-0.7903920519037517,-0.30023130471559617,-0.5316359837902191,-0.19012376769208536,-0.15121946401418213,0.2163358281072577,-0.038786232953539265,0.24224337354273867,-0.028986362831336064,-0.137269165009194,0.15799057713505707,-0.2148887183422873,0.5793088211869762,0.0013916214449033355,0.9516838464877042,0.37310348898990475,0.902001298777968;0,0,0,0,1
0.5252374410130816,-0.9655934531987337,0.01213642752015691,-0.9749443870305678,-0.39433549617177055,-0.6882760563041866,-0.18391110058736038,-0.3328866695497881,0.30952064096229875,-0.20755375872558865,0.22749513324976972,-0.037064454078872065,-0.18577446756502558,0.2729855063321242,-0.31198853115106623,0.7542471890979845,0.09940847058136812,0.961173167672182,0.6169882324831252,0.9267666208709155;0,0,0,0,1
0.31804251112209575,-0.9703410776075136,-0.1718635759255266,-0.9650420121610348,-0.49757785467128035,-0.6108272621906956,-0.48199176763001744,-0.13963904200288768,-0.01681310025764201,-0.08057340583292145,0.2688335678052565,-0.10551176849729825,-0.008205635195254695,0.261476356587361,0.05111220958971811,0.7233486479974867,0.49467299953935323,0.8685121107266435,0.9112209589718239,0.6460701927829955;0,0,0,0,1
0.5036749966590938,-1.0,-0.005547879605302445,-0.9628815459650891,-0.30415608713083025,-0.5760139735508092,-0.11680916998639998,-0.15396004530378546,0.36213135749061154,-0.1408449796473002,0.2062906977827252,-0.11789715762430973,-0.21367146402323622,0.14339168782573866,-0.32901242817052023,0.6003454497140294,0.07678344816175843,0.8517974074569028,0.5782440197781636,0.8517974074569028;0,0,0,0,1
0.29906966190152046,-0.9593828000907647,-0.08916492047451399,-0.860940964274415,-0.35080553664624436,-0.5036959954987468,-0.3666188593525856,-0.08161772479392929,0.04571129790518737,0.03573859768550018,0.36731634124073,-0.10642160199682336,-0.024592691889290356,0.05477195215704625,-0.19760742225338906,0.4021770116018408,0.12047877793429579,0.6754594962559561,0.5630814613115499,0.6348422963467208;0,0,0,0,1
0.6051357608924436,-0.9480811057321266,0.13035674604306982,-0.9931704366648396,-0.1717202314732128,-0.6514748853442993,-0.22675204196854495,-0.19644263342297544,0.1950510590427147,-0.03950045604434149,0.18266711989078346,-0.03950045604434149,-0.26489288338705363,0.12962311561886444,-0.32940433592927815,0.6002944076040294,0.01267776531185667,0.9052292193220117,0.4883182487897284,0.9729179821791905;0,0,0,0,1
0.6400220507166484,-0.9621692392502756,0.12745494022997053,-0.9517856288801451,-0.22271605446777745,-0.5807493007642528,-0.13781685142476408,-0.1551130099228225,0.38639004525895454,-0.14250275633958104,0.0029777745287165617,-0.03508913064779032,-0.38457708048968076,0.3178035545846538,-0.4305478667481498,0.7906560088202866,0.057061190222676056,0.9704399116251257,0.5769707828004411,0.9167585446527012;0,0,0,0,1
0.4965741493438627,-0.8792242480548136,0.035190387580154074,-0.8442311937232494,-0.2643351743676897,-0.5287202198954619,-0.14990199757991599,-0.17568297539898478,0.29129638559263527,-0.09081407502032282,0.16706700212319286,-0.02601323888050166,-0.18546111173338764,0.2164692717928938,-0.2810358843339912,0.6541034071818934,-0.02453977068754164,0.9675995819300895,0.43177331320404155,0.9891998606433632;0,0,0,0,1
0.7365941067162197,-0.964958853198832,0.1500251098926556,-0.9994900233058474,-0.33925938269546635,-0.6950517402140107,-0.45711342601882016,-0.17300140053434993,0.1115057367184975,-0.0772498009025751,0.2923356620062762,-0.10034128639547706,-0.20954428161522276,0.1797460336725627,-0.3029599150517653,0.6946661957062562,0.2129413989668299,0.9039023095301297,0.8066764003185558,0.9155826917971859;0,0,0,0,1
0.6085615527785162,-0.9314012230789683,0.09800835261118489,-0.9925044972535673,-0.23558246438729147,-0.601748032820898,-0.192719934602166,-0.15394841797394318,0.3180130347548138,-0.051050252592395734,0.0834104538764511,-0.05105025259239572,-0.38439337335753654,0.15301873895179327,-0.39475860306746857,0.6377327556137332,0.03708455184238727,0.8903970574278504,0.5742621643180004,0.9093326243020472;0,0,0,0,1
0.5637974891277595,-0.9606137687700008,0.03568368862006299,-1.0,-0.35243552574088977,-0.6801185479106688,-0.27398088769310464,-0.26232912762089666,0.24015037861394106,-0.14663165668335099,-0.09827594185282948,-0.039722958798707866,-0.35490826949514154,0.39072792656206445,-0.23214274129787454,0.8265330929625231,0.28203054376078884,0.9430540740132931,0.8132436202510877,0.916796586526627;0,0,0,0,1
0.26492810138922757,-1.0,-0.1321021819452206,-0.8351181651602501,-0.36801213760145657,-0.48978610744393014,-0.10883357115195155,-0.25859127467706555,0.33254451537341334,-0.2300755544723373,0.17197058529443182,-0.1071202470766911,-0.1645624647942072,0.18515715160873333,-0.21983914209115266,0.6112999105274697,0.12433570942744666,0.8399260228922587,0.5500853034365101,0.8250060931026079;0,0,0,0,1
0.1835114062951199,-1.0,-0.18939543346254442,-0.8809645424312464,-0.3843488304937915,-0.5440502312166008,-0.2511375810456612,-0.22627335511812963,0.14192632321193688,-0.1706251804793531,0.16464983305931552,-0.1218762263599218,-0.06595723332290082,0.1938188847803672,-0.09294686687842907,0.5936100032522414,0.21822415627661132,0.7782991625758015,0.6168784291077102,0.7409399364712678;0,0,0,0,1
0.3166183627713676,-1.0,-0.09533620242302253,-0.9208501594734065,-0.35128554595616834,-0.5963821961557145,-0.3444165542781528,-0.23193227582898135,0.04816809417092802,-0.1092579428008969,0.12510721767789823,-0.035632520181471915,-0.10428173019084595,0.30300942561412,-0.042529319491374964,0.6964109112736493,0.348845351387619,0.8304259856728822,0.7668835784983867,0.7912724886531414;0,0,0,0,1
0.6161306469778498,-0.9760981103741709,0.10633129265461165,-0.996070163909586,-0.24178006185119183,-0.6491436087149774,-0.28439680965009095,-0.17959140356824863,0.22455337635525197,-0.1275810286572394,-0.20522510368138702,-0.09172819421849579,-0.39969966211988517,0.35495205139904557,-0.21459465555259594,0.7865316114978362,0.27066635361409386,0.9121511700663246,0.7714929295457387,0.8643473908146665;0,0,0,0,1
0.2929493013544621,-0.9825472455698914,-0.09630164800704785,-0.9336250075955005,-0.30044434926923286,-0.5996963778289,-0.2448369577431365,-0.22010329962439357,0.12571674162563456,-0.09245676963434887,0.1901635234529483,-0.055929634155205556,-0.10998765440221542,0.20881086727003256,-0.19572782268858077,0.5967075093749913,0.12715493525410224,0.7627281974409761,0.5198351089458749,0.7016435569355959;0,0,0,0,1
0.6312076591456246,-1.0,0.15929521476631506,-1.0,-0.24086988442416357,-0.7746947536140201,-0.3535968957815221,-0.3375948976351441,-0.023300155624094057,-0.06388220144448814,0.22723704964404495,-0.08090252505458834,-0.19554614519836216,0.06503833488538974,-0.26198368590000987,0.515184445783546,0.11137348945292627,0.7238730618692951,0.5801466883153239,0.7275628464251719;0,0,0,0,1
